7 8 7
3 7
2 5
1 6
4 7
3 2
4 5
54211863827171
328547241385664
81352764
7487358216
41638263785
31772623846625
72146835
4 7 14
4 1
1 7
3 4
2 4
1 1
2 1
2 7
2 5
3 2
1 4
4 3
1 6
4 2
761724354548
53462847184
8231746322543
415825741743653
78555885153246
232658153674
341728526412333
168337384527
718653244
873655412
75184361112
717586234
87843551267
471625175863116
7 9 12
5 7
2 9
2 3
2 7
1 5
5 8
5 2
4 4
7 8
6 8
4 5
45464747288312
45786213
8367751162845
6348621254437
1726374518
28653714
762251348
5143754882446
17865324
453817621
25364178
245867354212
4 9 14
1 9
3 9
1 6
1 2
2 9
1 7
2 7
3 5
4 4
1 1
2 8
4 1
2 6
71673581264243
5123745686
57561284732815
67634413125538
72361458
15628337425
836582714
853644271
6356156127418
1627484377475
64286473125
387182654287
71326814185514
386317856324
5 6 8
5 5
3 3
1 2
4 3
4 6
5 1
1 3
3244821375421176
8246751371642
57638274332113
6117846365327
328852142136578
556483327173427
43562187
4716465238658
6 10 15
3 10
5 9
2 9
4 1
1 8
4 10
5 7
5 1
6 1
1 6
2 10
6 4
3 6
5 5
8776458634553216
884816573812
2148372576777
8563762614
8876435218
456371128
42736584561
46827521454376
485736213
7436585152
518532768743
718615432
85317724162
41183175888682
625384171
5 8 15
4 8
1 4
4 2
5 7
3 3
2 7
2 2
5 8
3 7
4 4
3 5
4 1
1 6
5 5
4251758377626
5324868117
777743456128
5181647342
7516632284
438621185357
76184235
7812755573514368
517443232628
513247355781642
1176641582322
476182523
1235147836373374
278674131656
471283566
9 4 16
1 1
1 2
2 2
3 1
3 4
8 4
2 1
5 3
3 2
1 3
6 4
4 1
8 1
6 1
6 2
7346281415
23648873551
1465227381181
6527811473
436511622867
436253483835714
261387584
25187314586
6151718217432155
28651374
243816358742
65148327
1284755367
278662418653225
5756244352711485
734541181757625
6 8 5
3 1
1 6
2 1
5 4
6527714443278685
532773341841763
4871734526
8643757316686326
82533656675481
5 5 16
3 1
2 4
1 1
2 1
5 4
4 1
2 2
5 5
1 2
4 2
5 2
2 3
5 3
2 5
1 5
8345158672876
1358741362
54238882471116
5324167781445
8511746123
611555776246138
53718642
588653422127
4753846762167
8462137531
618254327526
7526435814
5732521427688
5346587362122
1665413857635626
57322175685184
