7 6 9
3 3
4 1
3 6
6 5
2 6
5 1
5 3
6 2
2815763134
8462553517
27318645
7325142815266
8215753814265
37241211368518
885214367
4265117838428
1578435638232755
5 9 14
3 7
5 6
4 8
1 5
3 3
4 7
2 8
5 8
3 6
1 4
2 5
4 6
4 4
5448514271683
25823876514
58264713
1283244372285675
2557482336531
2724862235122
1776218456232473
3464554812176
2465138475212
81614271255235
8628758743133
355246751484
7414322865
6848572364413
10 6 13
10 6
1 5
10 4
4 4
2 3
8 2
7 4
6 6
7 5
4 1
5 5
6 1
813521467
2383366422157
534861227765
462354781
23461875
365718524677338
36125478
5525455132866728
6525438137
382645271
1283123867781425
8256363231143763
8371836254532
9 5 7
2 2
8 2
8 3
4 1
2 4
5 2
1715724645853
16844126722536
1243517648
236524227851
443877246155
5867476312
2613853226476
6 9 16
1 3
4 5
5 9
1 6
1 2
4 7
5 2
2 2
3 8
5 5
4 6
3 2
5 4
4 8
3 1
58217463
882574361
5858271176483273
3764352467184732
342425567724148
46311758732
82537164
1426312342545788
452387861
116327524584
24632647518
6173273458
56442217328
644312761545288
5631284768
724313585556653
6 9 6
6 1
5 6
4 4
4 3
6 9
4861743326854133
574318622
34562817
3133523886744184
3587121643
144253687
5 5 12
2 3
5 3
5 2
1 2
1 4
1 1
5 1
4 5
3 1
1 3
2 4
7853245616
527343618
7283853654275148
27465318
12825376547
8751342766
5374284641
13527648544
8577264136
44157386562
4277358788156684
82417563
7 5 16
5 4
1 2
7 2
7 3
1 4
6 4
2 3
7 4
6 1
2 1
1 3
3 3
1 5
6 5
6 2
511786313674228
7338264516
38657534126
7835662861124
172264467358
53716261874216
3813534628267
124578736
54721836
86515736134211
561672445383
276315778411
567827437134
1821476753285
55243684155876
482176325
8 7 9
1 4
2 5
2 4
6 6
4 4
3 6
8 2
6 4
8437566276112
632574841833437
62677318615884
2815333542766
6737254318
5466723851
1416726225873
57786341822
81121354467
6 10 12
1 8
1 6
4 9
1 4
5 7
4 6
6 2
6 7
2 4
3 5
1 1
4261857431
3571382546624
28522177443136
6713273548
31248165567
821653437
63825417
712584836
316654782
3526384533728145
16686745366712
84235671
