100
12 10 88 95 98 97 99 87 91 94 92 88
93 10 58 61 71 71 82 56 45 89 59 41
20 10 79 72 76 70 96 56 89 80 96 53
3 10 92 90 91 91 98 90 98 98 95 94
81 10 98 95 91 96 83 83 98 86 87 96
17 10 70 73 81 47 97 80 77 71 58 93
46 10 71 90 51 10 40 27 9 41 72 16
40 10 92 81 62 77 94 79 85 68 64 68
54 10 56 91 64 21 84 67 35 77 12 92
16 10 41 46 64 80 34 67 73 86 79 81
51 10 93 89 94 78 93 91 98 86 88 95
1 10 65 59 62 51 72 47 75 80 55 59
94 10 81 93 85 90 76 77 87 77 97 92
45 10 62 69 51 70 50 47 49 92 73 64
64 10 81 65 9 44 21 74 29 28 63 44
14 10 98 74 76 91 84 93 86 92 91 99
92 10 98 91 30 32 34 78 43 20 36 72
50 10 67 81 66 96 96 72 86 79 73 82
87 10 94 51 95 56 90 97 81 93 69 59
70 10 66 84 56 76 93 83 91 96 75 95
85 10 23 32 55 82 27 9 9 19 22 75
13 10 95 95 97 93 94 94 96 88 98 89
29 10 92 24 78 54 48 98 67 53 35 22
59 10 70 85 92 80 18 52 82 45 83 70
98 10 84 87 75 82 95 99 68 64 89 88
39 10 84 95 84 83 89 99 88 83 84 95
7 10 27 81 63 93 76 86 50 34 49 56
63 10 77 88 82 88 40 86 9 40 18 80
53 10 99 98 98 98 99 98 99 98 99 99
90 10 20 96 43 83 90 65 29 73 32 9
11 10 68 76 96 85 38 43 49 85 68 58
71 10 83 82 95 91 78 95 97 80 88 79
43 10 81 76 60 70 77 98 57 89 85 83
28 10 89 41 69 44 70 69 55 63 75 81
84 10 92 97 86 82 92 89 93 95 95 89
58 10 38 56 73 21 79 51 15 62 17 22
31 10 11 94 39 56 86 29 90 33 11 96
32 10 91 95 87 94 96 87 96 87 83 91
66 10 64 31 66 61 83 53 69 51 58 54
24 10 88 85 52 38 45 39 45 56 90 76
49 10 72 81 83 64 71 68 74 87 98 78
34 10 94 58 66 93 85 93 79 81 87 86
4 10 32 53 58 43 34 59 31 45 38 56
91 10 92 61 64 94 59 65 79 79 73 72
67 10 95 66 86 39 88 65 50 38 68 36
52 10 48 96 52 17 31 61 50 57 13 96
77 10 86 74 88 68 95 85 68 86 94 95
96 10 99 96 97 95 98 97 95 95 95 95
82 10 72 83 87 89 87 98 84 97 78 92
89 10 72 67 87 66 92 85 91 92 76 94
38 10 34 68 90 37 75 61 65 61 85 86
100 10 58 29 44 34 12 60 14 56 26 18
27 10 99 57 52 94 92 69 65 69 50 55
33 10 64 82 57 67 50 74 88 60 89 48
74 10 90 87 93 86 87 96 92 84 79 79
57 10 90 95 84 91 92 85 99 84 95 93
75 10 96 58 45 82 99 50 67 92 36 78
73 10 78 56 24 71 19 22 7 22 53 7
25 10 52 94 57 66 93 69 71 71 51 85
15 10 89 96 84 94 66 69 72 97 99 84
80 10 97 98 99 98 97 98 98 99 97 98
97 10 92 63 64 96 67 84 87 73 76 63
61 10 64 98 95 63 82 78 99 76 98 68
55 10 72 63 69 67 78 66 69 73 63 85
99 10 93 92 90 98 88 88 88 94 97 92
5 10 80 83 52 73 47 88 76 95 46 88
6 10 55 78 57 60 79 50 95 76 73 51
72 10 93 86 82 96 76 76 94 94 77 78
37 10 49 53 25 98 49 16 76 54 71 99
26 10 47 50 41 38 99 41 81 52 63 76
8 10 97 78 86 78 98 82 96 84 91 85
79 10 56 60 72 64 82 72 82 76 78 61
86 10 39 52 76 46 65 80 69 84 43 68
83 10 73 76 85 97 79 94 90 87 82 97
10 10 98 99 98 90 85 94 93 84 95 82
47 10 96 89 99 98 94 98 79 97 98 94
42 10 53 73 86 35 63 95 63 98 50 45
36 10 96 97 96 98 98 96 98 97 98 98
2 10 68 80 98 93 75 65 97 67 92 68
76 10 50 93 39 46 75 89 67 45 57 42
18 10 97 87 80 78 97 97 99 81 93 88
41 10 82 73 68 88 86 70 82 89 79 75
48 10 97 76 83 87 81 88 89 90 97 82
69 10 64 71 58 47 80 52 69 49 66 71
88 10 96 96 96 87 94 99 93 99 98 94
21 10 54 62 77 74 52 65 38 96 73 73
9 10 97 92 98 89 99 93 95 91 94 90
19 10 51 22 49 23 93 91 47 91 42 89
23 10 88 67 97 77 66 74 63 86 95 84
62 10 99 98 88 93 82 90 96 83 78 82
35 10 39 90 51 68 95 91 64 27 27 50
68 10 87 47 98 44 46 89 74 48 99 44
22 10 63 49 47 74 75 55 73 67 38 75
95 10 52 33 93 93 64 73 43 62 45 71
65 10 73 80 73 90 81 47 32 11 76 65
60 10 97 98 99 97 97 97 99 99 99 98
78 10 80 90 80 28 41 14 65 64 33 84
30 10 73 61 81 96 63 88 94 55 71 75
44 10 90 52 76 93 99 79 60 80 71 70
56 10 68 61 77 97 69 78 91 98 53 88